ISS (ZARYA)             
1 25544U 98067A   26271.46476993  .00006013  00000+0  11848-3 0  9990
2 25544  51.6312 148.9632 0007159 198.2260 161.8473 15.48680135587767
NOAA 15                 
1 25338U 98030A   26271.59691683  .00000063  00000+0  43314-4 0  9993
2 25338  98.5046 289.4265 0011115  48.9548 311.2592 14.27171590476049
NOAA 18                 
1 28654U 05018A   26271.59362805  .00000045  00000+0  46883-4 0  9996
2 28654  98.8046 349.7353 0013708 213.3723 146.6587 14.13745237100922
NOAA 19                 
1 33591U 09005A   26271.61106996  .00000019  00000+0  33897-4 0  9994
2 33591  98.9427 342.5112 0014807  97.6506 262.6349 14.13487201909093
NANOSATC-BR1            
1 40024U 14033Q   26271.59881565  .00011784  00000+0  35593-3 0  9994
2 40024  98.0629 313.3534 0004025 162.8779 197.2598 15.34426534669828
